⸮⸮⸮]⸮⸮⸮⸮⸮⸮⸮⸮U⸮⸮⸮_⸮]⸮_⸮W⸮]⸮⸮⸮]⸮_⸮]⸮⸮⸮ɍ⸮⸮_⸮]⸮⸮⸮⸮⸮_⸮]⸮⸮⸮⸮⸮⸮⸮m⸮⸮⸮⸮⸮⸮⸮⸮⸮⸮⸮⸮⸮⸮⸮⸮⸮⸮⸮
⸮⸮]⸮]⸮]⸮W⸮]⸮]⸮_⸮⸮⸮]⸮]⸮⸮⸮]⸮⸮⸮⸮⸮]⸮⸮⸮_⸮_⸮⸮⸮]⸮]⸮]⸮⸮]⸮⸮⸮⸮⸮⸮⸮⸮U⸮⸮⸮_⸮]⸮_⸮W⸮]⸮⸮⸮]⸮_⸮]⸮⸮⸮ɍ⸮⸮_⸮]⸮⸮⸮⸮⸮_⸮]⸮⸮⸮⸮⸮⸮⸮m⸮⸮⸮⸮⸮⸮⸮⸮⸮⸮⸮⸮⸮⸮⸮⸮⸮⸮⸮
⸮⸮⸮⸮⸮⸮⸮⸮270
733,26
5,53
11,82
18,110
25,138
32,166
38,195
45,224
52,252
59,282
65,284
72,286
79,287
86,287
92,288
99,289
106,290
113,290
119,291
126,291
133,292
140,293
147,293
153,294
160,295
167,295
174,295
181,297
188,297
194,297
201,298
208,298
215,298
222,299
228,299
235,299
242,300
249,300
256,300
262,301
269,300
276,301
283,301
290,301
297,301
303,302
310,301
317,301
324,301
331,300
337,301
344,301
351,299
358,300
365,300
372,298
378,299
385,298
392,297
399,298
406,297
412,296
419,297
426,296
433,295
440,296
447,295
453,294
460,295
467,293
474,293
481,293
487,292
494,291
501,291
508,290
515,289
522,289
528,288
535,287
542,287
549,286
556,285
562,285
569,283
576,283
583,283
590,281
597,281
603,280
610,279
617,279
624,278
631,277
637,277
644,276
651,275
658,275
665,275
671,273
678,274
685,273
692,272
699,272
706,272
712,271
719,271
726,270
733,270
740,270
746,269
753,268
760,269
767,268
774,267
780,268
787,267
794,266
801,267
808,266
815,266
821,267
828,266
835,266
842,266
849,266
856,266
862,267
869,266
876,267
883,268
890,267
896,268
903,269
910,269
917,269
924,270
931,270
937,271
944,271
951,271
958,273
965,273
971,273
978,275
985,275
992,275
999,276
1006,276
1012,277
1019,278
1026,278
1033,279
1040,280
1047,280
1054,281
1060,282
1067,282
1074,284
1081,284
1088,284
1095,286
1102,286
1109,287
1115,288
1122,288
1129,289
1136,290
1143,289
1150,291
1157,291
1163,291
1170,293
1177,293
1184,293
1191,295
1198,294
1205,295
1211,296
1218,296
1225,297
1232,297
1239,297
1246,298
1253,298
1260,298
1266,299
1273,299
1280,300
1287,300
1294,299
1301,301
1308,300
1315,300
1321,301
1328,301
1335,301
1342,301
1349,301
1356,301
1363,301
1370,301
1376,301
1383,300
1390,300
1397,301
1404,300
1411,300
1418,300
1424,299
1431,300
1438,299
1445,298
1452,298
1459,297
1466,297
1473,297
1479,296
1486,296
1493,296
1500,294
1507,295
1514,293
1521,293
1528,293
1534,291
1541,291
1548,291
1555,289
1562,289
1569,288
1576,287
1583,287
1589,286
1596,286
1603,285
1610,284
1617,284
1624,283
1631,282
1637,282
1644,280
1651,280
1658,280
1665,278
1672,278
1679,278
1686,276
1692,276
1699,275
1706,274
1713,274
1720,273
1727,273
1734,273
1740,271
1747,271
1754,271
1761,270
1768,270
1775,269
1782,269
1789,269
1795,268
1802,268
1809,268
1816,267
1823,267
1830,267
1837,266
1843,266
1850,266
1857,266
1864,266
1871,265
1878,266
1885,266
1892,266
1898,266
1905,266
1912,266
1919,267
1926,266
1933,267
1940,268
1947,267
1953,268
1960,269
1967,269
1974,270
1981,270
1988,270
1995,271
2002,271
2008,272
2015,273
2022,273
2029,274
2036,274
2043,275
2050,276
2057,275
2063,277
2070,278
2077,278
2084,279
2091,279
2098,280
2105,281
2112,281
2118,282
2125,283
2132,283
2139,284
2146,285
2153,285
2160,287
2166,287
2173,287
2180,289
2187,289
2194,290
2201,291
2208,290
2215,292
2221,292
2228,292
2235,294
2242,294
2249,294
2256,295
2263,295
2269,296
2276,297
2283,296
2290,298
2297,298
2304,297
2311,299
2318,298
2324,299
2331,300
2338,299
2345,300
2352,300
2359,299
2366,300
2373,300
2379,300
2386,301
2393,300
2400,300
2407,300
2414,300
2421,300
2427,300
2434,299
2441,300
2448,299
2455,299
2462,299
2469,298
2476,299
2482,298
2489,297
2496,298
2503,297
2510,296
2517,297
2524,295
2531,295
2537,295
2544,294
2551,294
2558,293
2565,292
2572,292
2579,291
2586,290
2592,291
2599,289
2606,289
2613,288
2620,287
2627,287
2634,286
2641,285
2647,285
2654,283
2661,283
2668,283
2675,281
2682,281
2689,280
2695,279
2702,279
2709,278
2716,277
2723,277
2730,276
2737,276
2744,276
2750,274
2757,274
2764,273
2771,272
2778,272
2785,271
2792,271
2798,271
2805,269
2812,269
2819,269
2826,268
2833,268
2840,268
2847,267
2853,267
2860,266
2867,267
2874,267
2881,266
2888,266
2895,266
2902,266
2908,266
2915,266
2922,266
2929,266
2936,266
2943,266
2950,266
2957,266
2963,266
2970,267
2977,267
2984,267
2991,267
2998,268
3005,269
3012,268
3018,269
3025,270
3032,270
3039,271
3046,271
3053,272
3060,272
3067,272
3073,273
3080,274
3087,274
3094,275
3101,276
3108,276
3115,277
3121,277
3128,278
3135,280
3142,279
3149,281
3156,281
3163,282
3170,283
3176,283
3183,284
3190,285
3197,285
3204,287
3211,287
3218,287
3225,289
3231,289
3238,289
3245,291
3252,290
3259,291
3266,292
3273,292
3279,293
3286,294
3293,294
3300,295
3307,295
3314,296
3321,297
3328,296
3334,297
3341,298
3348,297
3355,299
3362,298
3369,298
3376,300
3382,299
3389,299
3396,300
3403,299
3410,300
3417,300
3424,300
3431,301
3437,300
3444,300
3451,301
3458,300
3465,300
3472,301
3479,300
3486,300
3492,300
3499,299
3506,300
3513,299
3520,299
3527,299
3534,298
3541,298
3547,298
3554,297
3561,297
3568,296
3575,296
3582,296
3589,294
3595,294
3602,294
3609,293
3616,293
3623,292
3630,291
3637,291
3644,290
3650,289
3657,289
3664,288
3671,288
3678,287
3685,286
3692,286
3699,285
3705,284
3712,284
3719,282
3726,282
3733,282
3740,280
3747,280
3753,279
3760,278
3767,278
3774,277
3781,276
3788,276
3795,275
3802,275
3808,275
3815,273
3822,273
3829,272
3836,272
3843,271
3850,271
3856,270
3863,270
3870,269
3877,269
3884,269
3891,268
3898,268
3905,268
3911,268
3918,268
3925,267
3932,267
3939,267
3946,267
3953,267
3960,267
3966,267
3973,267
3980,267
3987,267
3994,267
4001,267
4008,267
4015,268
4021,267
4028,268
4035,268
4042,268
4049,269
4056,269
4063,270
4070,270
4076,270
4083,271
4090,272
4097,272
4104,273
4111,273
4118,274
4124,275
4131,274
4138,276
4145,277
4152,277
4159,278
4166,278
4173,279
4179,280
4186,280
4193,281
4200,282
4207,282
4214,283
4221,284
4228,284
4234,286
4241,286
4248,287
4255,288
4262,288
4269,289
4276,290
4283,290
4289,291
4296,292
4303,292
4310,294
4317,293
4324,294
4331,295
4337,295
4344,296
4351,296
4358,296
4365,298
4372,297
4379,298
4386,299
4392,299
4399,299
4406,300
4413,299
4420,301
4427,300
4434,300
4440,301
4447,301
4454,301
4461,302
4468,301
4475,302
4482,302
4489,301
4495,302
4502,301
4509,301
4516,302
4523,301
4530,301
4537,301
4544,301
4550,301
4557,301
4564,300
4571,300
4578,299
4585,299
4592,299
4599,298
4605,299
4612,298
4619,297
4626,297
4633,296
4640,296
4647,296
4654,294
4660,294
4667,294
4674,292
4681,292
4688,291
4695,290
4702,290
4709,289
4716,289
4722,288
4729,287
4736,287
4743,286
4750,285
4757,285
4764,284
4770,283
4777,283
4784,281
4791,281
4798,281
4805,279
4812,279
4819,278
4825,278
4832,278
4839,276
4846,276
4853,276
4860,275
4867,275
4873,274
4880,273
4887,273
4894,272
4901,272
4908,272
4915,270
4922,270
4928,270
4935,269
4942,269
4949,269
4956,269
4963,269
4970,268
4976,268
4983,268
4990,268
4997,268
5004,268
5011,268
5018,268
5025,268
5031,268
5038,268
5045,268
5052,268
5059,269
5066,268
5073,269
5080,269
5086,269
5093,270
5100,270
5107,271
5114,271
5121,271
5128,272
5135,273
5141,273
5148,274
5155,274
5162,275
5169,276
5176,275
5183,276
5190,277
5196,277
5203,278
5210,279
5217,279
5224,281
5231,280
5238,282
5245,283
5251,282
5258,284
5265,284
5272,285
5279,286
5286,286
5293,287
5300,289
5306,288
5313,290
5320,290
5327,290
5334,292
5341,292
5348,292
5354,294
5361,293
5368,294
5375,295
5382,295
5389,296
5396,297
5403,297
5409,298
5416,298
5423,298
5430,299
5437,299
5444,300
5451,300
5458,300
5464,301
5471,301
5478,300
5485,302
5492,301
5499,301
5506,302
5512,301
5519,302
5526,302
5533,302
5540,303
5547,302
5554,302
5561,302
5567,302
5574,302
5581,302
5588,301
5595,302
5602,301
5609,301
5616,301
5622,300
5629,300
5636,300
5643,299
5650,299
5657,299
5664,297
5671,298
5677,297
5684,296
5691,296
5698,295
5705,295
5712,294
5719,293
5726,293
5732,292
5739,291
5746,291
5753,290
5760,290
5767,290
5774,288
5781,288
5787,287
5794,286
5801,286
5808,285
5815,284
5822,284
5829,282
5836,282
5842,282
5849,280
5856,280
5863,279
5870,279
5877,279
5884,277
5890,277
5897,277
5904,275
5911,275
5918,275
5925,274
5932,274
5939,273
5945,272
5952,272
5959,271
5966,271
5973,271
5980,270
5987,270
5993,270
6000,269
6007,269
6014,269
6021,269
6028,269
6035,268
6042,269
6048,269
6055,268
6062,269
6069,269
6076,269
6083,269
6090,268
6097,269
6103,269
6110,269
6117,269
6124,270
6131,270
6138,271
6145,270
6152,271
6158,272
6165,271
6172,272
6179,273
6186,273
6193,274
6200,274
6207,275
6213,276
6220,275
6227,277
6234,278
6241,278
6248,279
6255,279
6262,280
6268,281
6275,281
6282,282
6289,283
6296,283
6303,284
6310,285
6317,285
6323,287
6330,287
6337,288
6344,289
6351,289
6358,290
6365,291
6371,291
6378,292
6385,292
6392,293
6399,294
6406,294
6413,295
6420,296
6426,295
6433,297
6440,297
6447,297
6454,298
6461,298
6468,299
6474,300
6481,299
6488,300
6495,301
6502,300
6509,302
6516,301
6523,301
6529,303
6536,302
6543,302
6550,303
6557,302
6564,303
6571,303
6578,302
6584,303
6591,303
6598,303
6605,303
6612,303
6619,303
6626,303
6633,302
6639,303
6646,302
6653,302
6660,302
6667,301
6674,301
6681,301
6688,300
6694,300
6701,299
6708,298
6715,299
6722,298
6729,297
6736,297
6743,296
6749,296
6756,295
6763,294
6770,294
6777,293
6784,292
6791,292
6798,291
6804,291
6811,290
6818,289
6825,289
6832,288
6839,287
6846,287
6853,286
6859,285
6866,285
6873,283
6880,283
6887,283
6894,281
6901,281
6907,280
6914,280
6921,279
6928,278
6935,278
6942,278
6949,276
6956,276
6962,276
6969,275
6976,275
6983,274
6990,273
6997,273
7004,272
7010,272
7017,272
7024,271
7031,271
7038,271
7045,270
7052,270
7059,270
7065,270
7072,270
7079,269
7086,269
7093,270
7100,269
7107,269
7113,269
7120,269
7127,270
7134,269
7141,270
7148,270
7155,269
7162,270
7169,270
7175,270
7182,271
7189,271
7196,272
7203,272
7210,272
7217,273
7223,273
7230,273
7237,274
7244,275
7251,275
7258,276
7265,276
7272,277
7278,278
7285,278
7292,279
7299,280
7306,280
7313,281
7320,281
7327,282
7333,283
7340,283
7347,284
7354,285
7361,285
7368,287
7375,287
7382,288
7388,289
7395,289
7402,290
7409,291
7416,290
7423,292
7430,292
7436,293
7443,294
7450,294
7457,295
7464,296
7471,296
7478,297
7485,297
7491,297
7498,299
7505,299
7512,299
7519,300
7526,300
7533,300
7539,301
7546,301
7553,302
7560,302
7567,301
7574,303
7581,302
7588,302
7594,303
7601,303
7608,303
7615,303
7622,303
7629,304
7636,303
7643,303
7649,303
7656,303
7663,303
7670,303
7677,302
7684,303
7691,302
7698,301
7704,302
7711,301
7718,301
7725,301
7732,300
7739,300
7746,300
7753,299
7759,299
7766,298
7773,297
7780,298
7787,296
7794,296
7801,296
7808,295
7814,295
7821,294
7828,293
7835,293
7842,292
7849,292
7856,292
7863,290
7869,290
7876,289
7883,288
7890,288
7897,287
7904,286
7911,286
7918,284
7924,284
7931,284
7938,282
7945,282
7952,281
7959,280
7966,280
7972,279
7979,278
7986,278
7993,277
8000,277
8007,277
8014,275
8021,275
8027,274
8034,274
8041,274
8048,273
8055,273
8062,273
8069,272
8075,272
8082,272
8089,271
8096,271
8103,270
8110,270
8117,270
8124,269
8130,270
8137,270
8144,269
8151,270
8158,270
8165,270
8172,270
8179,270
8185,270
8192,271
8199,270
8206,271
8213,271
8220,271
8227,272
8234,272
8240,272
8247,273
8254,272
8261,273
8268,274
8275,274
8282,275
8289,275
8295,276
8302,277
8309,277
8316,278
8323,279
8330,278
8337,279
8344,280
8350,280
8357,282
8364,282
8371,283
8378,284
8385,283
8392,285
8399,286
8405,286
8412,287
8419,288
8426,288
8433,290
8440,289
8447,290
8453,291
8460,291
8467,293
8474,293
8481,293
8488,295
8495,294
8502,295
8508,297
8515,296
8522,297
8529,298
8536,298
8543,299
8550,299
8557,299
8563,301
8570,300
8577,301
8584,302
8591,301
8598,302
8605,302
8611,302
8618,303
8625,303
8632,303
8639,304
8646,303
8653,304
8660,304
8666,304
8673,304
8680,304
8687,303
8694,304
8701,303
8708,303
8715,304
8721,303
8728,303
8735,303
8742,302
8749,303
8756,302
8763,302
8770,302
8776,301
8783,301
8790,301
8797,300
8804,300
8811,299
8818,298
8825,299
8831,297
8838,297
8845,297
8852,296
8859,296
8866,295
8873,294
8879,294
8886,293
8893,292
8900,292
8907,291
8914,291
8921,290
8928,289
8935,289
8941,288
8948,287
8955,287
8962,285
8969,285
8976,285
8983,283
8989,283
8996,282
9003,281
9010,281
9017,280
9024,279
9031,279
9038,278
9044,278
9051,278
9058,276
9065,276
9072,275
9079,275
9086,275
9092,274
9099,274
9106,274
9113,273
9120,273
9127,273
9134,272
9141,272
9147,271
9154,271
9161,271
9168,270
9175,271
9182,271
9189,270
9196,271
9202,271
9209,271
9216,271
9223,271
9230,271
9237,271
9244,271
9251,271
9257,272
9264,272
9271,272
9278,272
9285,273
9292,274
9299,273
9306,274
9312,275
9319,275
9326,275
9333,276
9340,276
9347,277
9354,277
9360,278
9367,279
9374,279
9381,280
9388,281
9395,281
9402,282
9409,282
9415,283
9422,284
9429,284
9436,285
9443,286
9450,286
9457,288
9464,288
9470,289
9477,290
9484,290
9491,291
9498,292
9505,292
9512,293
9519,294
9525,294
9532,295
9539,295
9546,296
9553,297
9560,297
9567,298
9574,299
9580,298
9587,300
9594,300
9601,300
9608,301
9615,301
9622,301
9628,302
9635,302
9642,303
9649,303
9656,303
9663,304
9670,304
9677,304
9683,305
9690,304
9697,305
9704,305
9711,304
9718,305
9725,305
9732,304
9738,305
9745,305
9752,305
9759,305
9766,304
9773,305
9780,304
9787,304
9793,304
9800,303
9807,303
9814,303
9821,302
9828,302
9835,302
9842,301
9848,301
9855,300
9862,300
9869,300
9876,298
9883,298
9890,298
9897,297
9903,297
9910,296
9917,295
9924,295
9931,294
9938,294
9945,294
9952,292
9958,292
9965,291
9972,290
9979,290
9986,289
9993,288
10000,288
10007,286
10013,286
10020,286
10027,284
10034,284
10041,283
10048,283
10055,282
10062,281
10069,281
10076,280
10083,280
10090,279
10096,278
10103,278
10110,278
10117,277
10124,277
10131,276
10138,275
10145,275
10152,274
10159,274
10166,274
10173,273
10180,273
10186,273
10193,272
10200,272
10207,272
10214,272
10221,272
10228,272
10235,272
10242,272
10249,272
10256,271
10263,272
10270,272
10277,272
10283,272
10290,272
10297,272
10304,272
10311,273
10318,273
10325,273
10332,274
10339,274
10346,275
10353,275
10360,275
10367,276
10373,276
10380,277
10387,277
10394,278
10401,279
10408,279
10415,279
10422,280
10429,281
10436,282
10443,282
10450,283
10457,284
10463,284
10470,285
10477,286
10484,286
10491,287
10498,288
10505,289
10512,289
10519,290
10526,291
10533,291
10540,292
10547,293
10553,293
10560,294
10567,295
10574,295
10581,296
10588,296
10595,297
10602,298
10609,298
10616,299
10623,299
10630,300
10637,301
10643,301
10650,302
10657,302
10664,303
10671,303
10678,303
10685,304
10692,304
10699,304
10706,305
10713,305
10720,305
10726,305
10733,305
10740,305
10747,305
10754,306
10761,305
10768,305
10775,306
10782,305
10789,306
10796,306
10803,305
10810,305
10817,305
10823,305
10830,305
10837,305
10844,305
10851,304
10858,304
10865,304
10872,303
10879,303
10886,303
10893,302
10900,302
10907,301
10914,301
10920,300
10927,300
10934,299
10941,298
10948,298
10955,297
10962,296
10969,296
10976,295
10983,294
10990,294
10997,293
11004,293
11010,292
11017,291
11024,291
11031,290
11038,289
11045,288
11052,288
11059,287
11066,286
11073,286
11080,285
11087,284
11094,284
11100,283
11107,282
11114,282
11121,281
11128,281
11135,280
11142,279
11149,279
11156,278
11163,278
11170,277
11177,276
11183,276
11190,276
11197,275
11204,275
11211,274
11218,274
11225,274
11232,274
11239,273
11246,273
11253,273
11260,273
11267,273
11273,272
11280,272
11287,272
11294,272
11301,272
11308,272
11315,272
11322,272
11329,272
11336,273
11343,273
11350,273
11357,273
11364,273
11370,274
11377,274
11384,275
11391,275
11398,275
11405,276
11412,276
11419,277
11426,277
11433,278
11440,278
11447,279
11454,280
11460,280
11467,281
11474,282
11481,282
11488,283
11495,284
11502,284
11509,285
11516,286
11523,286
11530,287
11537,287
11544,288
11551,289
11557,289
11564,290
11571,291
11578,292
11585,292
11592,293
11599,294
11606,294
11613,295
11620,296
11627,296
11634,297
11640,297
11647,298
11654,299
11661,299
11668,300
11675,300
11682,301
11689,301
11696,302
11703,302
11710,303
11717,303
11724,303
11730,304
11737,304
11744,304
11751,305
11758,305
11765,305
11772,305
11779,306
11786,306
11793,306
11800,306
11807,306
11814,306
11820,306
11827,306
11834,306
11841,306
11848,306
11855,306
11862,306
11869,305
11876,305
11883,305
11890,305
11897,305
11904,304
11910,304
11917,303
11924,303
11931,303
11938,302
11945,302
11952,301
11959,301
11966,300
11973,300
11980,299
11987,299
11994,298
12001,298
12007,297
12014,297
12021,296
12028,295
12035,294
12042,294
12049,293
12056,293
12063,292
12070,291
12077,290
12084,289
12091,289
12097,288
12104,288
12111,287
12118,286
12125,286
12132,285
12139,285
12146,284
12153,283
12160,282
12167,282
12174,281
12180,281
12187,280
12194,279
12201,279
12208,278
12215,278
12222,277
12229,277
12236,276
12243,276
12250,275
12257,275
12264,275
12270,275
12277,274
12284,274
12291,273
12298,273
12305,273
12312,273
12319,273
12326,273
12333,273
12340,273
12347,272
12354,273
12360,273
12367,273
12374,273
12381,273
12388,273
12395,273
12402,274
12409,274
12416,274
12423,275
12430,275
12437,275
12444,276
12451,276
12457,277
12464,277
12471,277
12478,278
12485,278
12492,279
12499,280
12506,280
12513,281
12520,281
12527,282
12534,283
12541,283
12547,284
12554,285
12561,286
12568,286
12575,287
12582,288
12589,288
12596,289
12603,290
12610,290
12617,291
12624,292
12631,292
12638,293
12644,294
12651,295
12658,295
12665,296
12672,297
12679,297
12686,298
12693,299
12700,299
12707,300
12714,300
12721,301
12727,301
12734,302
12741,302
12748,303
12755,303
12762,303
12769,304
12776,304
12783,304
12790,305
12797,305
12804,305
12811,306
12817,306
12824,306
12831,306
12838,306
12845,306
12852,306
12859,306
12866,306
12873,306
12880,306
12887,306
12894,306
12901,306
12907,306
12914,306
12921,306
12928,306
12935,305
12942,305
12949,305
12956,304
12963,304
12970,304
12977,303
12984,303
12991,303
12998,302
13004,302
13011,301
13018,301
13025,300
13032,300
13039,299
13046,299
13053,298
13060,297
13067,297
13074,296
13081,295
13088,295
13095,294
13101,293
13108,293
13115,292
13122,291
13129,291
13136,290
13143,289
13150,289
13157,288
13164,287
13171,286
13178,286
13184,285
13191,284
13198,284
13205,283
13212,283
13219,282
13226,281
13233,281
13240,280
13247,280
13254,279
13261,279
13268,278
13274,278
13281,278
13288,277
13295,276
13302,276
13309,276
13316,276
13323,275
13330,275
13337,274
13344,274
13351,274
13358,274
13364,274
13371,274
13378,274
13385,273
13392,273
13399,274
13406,274
13413,274
13420,274
13427,274
13434,274
13441,274
13448,274
13455,274
13461,275
13468,275
13475,275
13482,276
13489,276
13496,276
13503,276
13510,277
13517,277
13524,277
13531,278
13538,278
13545,279
13551,280
13558,280
13565,281
13572,281
13579,282
13586,283
13593,283
13600,284
13607,284
13614,285
13621,286
13628,286
13635,287
13642,288
13648,288
13655,289
13662,289
13669,290
13676,291
13683,292
13690,292
13697,293
13704,294
13711,295
13718,295
13725,296
13732,296
13738,297
13745,297
13752,298
13759,299
13766,299
13773,299
13780,300
13787,300
13794,301
13801,301
13808,302
13815,302
13821,302
13828,303
13835,303
13842,304
13849,304
13856,304
13863,304
13870,305
13877,305
13884,305
13891,305
13898,305
13905,305
13912,305
13918,305
13925,305
13932,305
13939,305
13946,305
13953,305
13960,305
13967,304
13974,304
13981,304
13988,304
13995,303
14002,303
14009,303
14015,302
14022,302
14029,301
14036,301
14043,301
14050,300
14057,300
14064,299
14071,298
14078,298
14085,297
14092,297
14099,296
14105,296
14112,295
14119,294
14126,294
14133,294
14140,293
14147,292
14154,291
14161,291
14168,290
14175,289
14182,289
14189,288
14195,287
14202,286
14209,285
14216,285
14223,284
14230,283
14237,283
14244,282
14251,282
14258,281
14265,281
14272,280
14279,279
14285,279
14292,278
14299,278
14306,277
14313,277
14320,276
14327,276
14334,275
14341,275
14348,274
14355,274
14362,274
14369,273
14375,273
14382,273
14389,273
14396,273
14403,272
14410,272
14417,272
14424,272
14431,272
14438,272
14445,272
14452,272
14459,272
14465,272
14472,272
14479,272
14486,273
14493,273
14500,274
14507,274
14514,274
14521,275
14528,276
14535,276
14542,277
14549,277
14556,278
14562,278
14569,279
14576,279
14583,280
14590,281
14597,281
14604,282
14611,282
14618,283
14625,284
14632,284
14639,285
14646,286
14652,287
14659,287
14666,288
14673,288
14680,289
14687,290
14694,291
14701,291
14708,292
14715,293
14722,293
14729,294
14736,295
14742,296
14749,296
14756,296
14763,297
14770,298
14777,299
14784,299
14791,300
14798,300
14805,301
14812,302
14819,302
14826,303
14832,303
14839,303
14846,304
14853,304
14860,305
14867,305
14874,305
14881,306
14888,306
14895,306
14902,307
14909,307
14915,307
14922,307
14929,307
14936,308
14943,308
14950,308
14957,308
14964,308
14971,308
14978,308
14985,307
14992,307
14999,307
15006,307
15012,307
15019,306
15026,306
15033,306
15040,306
15047,305
15054,305
15061,305
15068,304
15075,304
15082,304
15089,303
15096,303
15103,302
15109,302
15116,302
15123,301
15130,301
15137,300
15144,299
15151,299
15158,298
15165,298
15172,297
15179,296
15186,296
15193,295
15199,294
15206,294
15213,293
15220,292
15227,292
15234,291
15241,290
15248,290
15255,289
15262,288
15269,288
15276,287
15283,286
15289,286
15296,285
15303,284
15310,284
15317,283
15324,282
15331,282
15338,281
15345,281
15352,280
15359,279
15366,279
15373,278
15380,278
15386,277
15393,277
15400,277
15407,276
15414,276
15421,275
15428,275
15435,275
15442,275
15449,275
15456,275
15463,275
15469,275
15476,275
15483,275
15490,274
15497,275
15504,275
15511,275
15518,275
15525,275
15532,275
15539,275
15546,276
15553,276
15560,276
15566,276
15573,277
15580,277
15587,278
15594,278
15601,278
15608,279
15615,279
15622,280
15629,280
15636,281
15643,282
15650,282
15657,283
15663,283
15670,284
15677,285
15684,285
15691,286
15698,287
15705,287
15712,288
15719,289
15726,289
15733,290
15740,291
15747,292
15754,292
15760,293
15767,294
15774,294
15781,295
15788,296
15795,297
15802,297
15809,298
15816,299
15823,299
15830,300
15837,301
15843,301
15850,302
15857,302
15864,303
15871,303
15878,304
15885,304
15892,305
15899,305
15906,305
15913,306
15920,306
15927,306
15933,307
15940,307
15947,307
15954,308
15961,308
15968,308
15975,308
15982,308
15989,308
15996,308
16003,308
16010,308
16017,308
16023,308
16030,308
16037,308
16044,308
16051,307
16058,307
16065,307
16072,307
16079,307
16086,306
16093,306
16100,306
16107,306
16114,306
16120,305
16127,305
16134,304
16141,304
16148,304
16155,303
16162,302
16169,302
16176,301
16183,301
16190,300
16197,299
16204,299
16210,298
16217,298
16224,297
16231,296
16238,296
16245,295
16252,294
16259,294
16266,293
16273,292
16280,291
16287,291
16294,290
16300,289
16307,289
16314,288
16321,287
16328,287
16335,286
16342,285
16349,285
16356,284
16363,283
16370,283
16377,282
16384,282
16390,281
16397,281
16404,280
16411,279
16418,279
16425,279
16432,278
16439,278
16446,277
16453,277
16460,277
16467,277
16473,276
16480,276
16487,276
16494,276
16501,276
16508,275
16515,275
16522,275
16529,275
16536,275
16543,275
16550,275
16557,275
16564,275
16570,276
16577,276
16584,276
16591,276
16598,276
16605,277
16612,277
16619,277
16626,278
16633,278
16640,278
16647,279
16654,279
16661,280
16667,280
16674,281
16681,281
16688,282
16695,282
16702,283
16709,283
16716,284
16723,284
16730,285
16737,285
16744,286
16751,286
16757,287
16764,288
16771,288
16778,289
16785,290
16792,291
16799,292
16806,292
16813,293
16820,294
16827,295
16834,296
16841,296
16847,297
16854,298
16861,298
16868,299
16875,299
16882,300
16889,301
16896,301
16903,302
16910,302
16917,303
16924,303
16930,304
16937,304
16944,305
16951,305
16958,306
16965,306
16972,307
16979,307
16986,307
16993,308
17000,308
17007,308
17014,309
17020,309
17027,309
17034,309
17041,309
17048,309
17055,309
17062,309
17069,309
17076,309
17083,309
17090,309
17097,309
17104,309
17111,308
17117,308
17124,308
17131,308
17138,308
17145,307
17152,307
17159,307
17166,306
17173,306
17180,305
17187,305
17194,304
17201,304
17208,303
17214,303
17221,303
17228,302
17235,301
17242,301
17249,300
17256,300
17263,299
17270,299
17277,298
17284,297
17291,297
17298,296
17304,295
17311,295
17318,294
17325,293
17332,292
17339,292
17346,291
17353,290
17360,290
17367,289
17374,289
17381,288
17388,287
17394,287
17401,286
17408,286
17415,285
17422,284
17429,284
17436,283
17443,283
17450,283
17457,282
17464,281
17471,281
17478,280
17484,280
17491,279
17498,279
17505,279
17512,278
17519,278
17526,278
17533,278
17540,278
17547,278
17554,277
17561,277
17568,277
17574,277
17581,277
17588,277
17595,277
17602,277
17609,277
17616,277
17623,278
17630,278
17637,278
17644,278
17651,279
17658,279
17665,279
17671,280
17678,280
17685,281
17692,281
17699,282
17706,282
17713,283
17720,283
17727,284
17734,284
17741,285
17748,285
17755,286
17762,287
17768,287
17775,288
17782,289
17789,289
17796,290
17803,291
17810,291
17817,292
17824,293
17831,293
17838,294
17845,295
17852,295
17858,296
17865,297
17872,297
17879,298
17886,299
17893,299
17900,300
17907,300
17914,301
17921,302
17928,302
17935,303
17942,303
17948,304
17955,304
17962,305
17969,305
17976,306
17983,306
17990,307
17997,307
18004,307
18011,308
18018,308
18025,309
18032,309
18038,309
18045,310
18052,310
18059,310
18066,310
18073,310
18080,310
18087,310
18094,310
18101,310
18108,310
18115,310
18122,310
18128,310
18135,310
18142,310
18149,310
18156,310
18163,309
18170,309
18177,309
18184,309
18191,308
18198,308
18205,308
18212,307
18219,307
18225,306
18232,306
18239,305
18246,305
18253,304
18260,304
18267,303
18274,303
18281,302
18288,302
18295,301
18302,301
18309,300
18316,299
18322,299
18329,298
18336,297
18343,297
18350,296
18357,295
18364,295
18371,294
18378,293
18385,292
18392,292
18399,291
18406,290
18412,290
18419,289
18426,289
18433,288
18440,287
18447,287
18454,286
18461,286
18468,285
18475,284
18482,284
18489,283
18496,283
18502,282
18509,281
18516,281
18523,281
18530,280
18537,280
18544,279
18551,279
18558,279
18565,278
18572,278
18579,278
18586,278
18592,278
18599,278
18606,277
18613,277
18620,277
18627,277
18634,277
18641,277
18648,277
18655,278
18662,278
18669,278
18676,278
18683,278
18689,279
18696,279
18703,279
18710,280
18717,280
18724,281
18731,281
18738,281
18745,282
18752,282
18759,283
18766,283
18773,284
18779,284
18786,285
18793,285
18800,286
18807,286
18814,287
18821,288
18828,288
18835,289
18842,290
18849,291
18856,291
18863,292
18870,293
18876,293
18883,294
18890,295
18897,295
18904,296
18911,297
18918,297
18925,298
18932,298
18939,299
18946,300
18953,300
18959,301
18966,301
18973,302
18980,303
18987,303
18994,304
19001,304
19008,305
19015,306
19022,306
19029,307
19036,307
19043,307
19049,308
19056,308
19063,309
19070,309
19077,309
19084,309
19091,310
19098,310
19105,310
19112,310
19119,310
19126,310
19133,310
19139,310
19146,310
19153,310
19160,310
19167,310
19174,310
19181,310
19188,310
19195,310
19202,310
19209,309
19216,309
19223,309
19230,308
19236,308
19243,308
19250,308
19257,307
19264,307
19271,307
19278,306
19285,306
19292,305
19299,305
19306,304
19313,304
19320,303
19327,303
19333,302
19340,301
19347,301
19354,300
19361,300
19368,299
19375,298
19382,298
19389,297
19396,296
19403,296
19410,295
19417,294
19424,293
19430,293
19437,292
19444,291
19451,291
19458,290
19465,289
19472,289
19479,288
19486,288
19493,287
19500,286
19507,286
19513,285
19520,285
19527,284
19534,283
19541,283
19548,282
19555,282
19562,281
19569,281
19576,280
19583,280
19590,279
19597,279
19603,279
19610,279
19617,278
19624,278
19631,278
19638,278
19645,278
19652,278
19659,278
19666,278
19673,278
19680,278
19687,278
19694,278
19700,278
19707,278
19714,278
19721,278
19728,278
19735,279
19742,279
19749,279
19756,280
19763,280
19770,280
19777,281
19784,281
19791,281
19797,282
19804,283
19811,283
19818,284
19825,284
19832,285
19839,285
19846,286
19853,286
19860,287
19867,288
19874,288
19881,289
19888,290
19894,290
19901,291
19908,292
19915,292
19922,293
19929,294
19936,295
19943,295
19950,296
19957,297
19964,297
19971,298
19978,299
19984,299
19991,300
19998,300
20005,301
20012,301
20019,302
20026,303
20033,303
20040,304
20047,304
20054,305
20061,306
20068,306
20074,307
20081,307
20088,307
20095,308
20102,308
20109,309
20116,309
20123,309
20130,309
20137,309
20144,310
20151,310
20158,