20,435
30,438
40,439
51,440
61,440
71,440
81,439
93,439
103,440
113,434
123,431
134,429
145,428
155,428
165,428
176,428
186,427
197,427
207,428
218,427
228,427
238,428
249,428
260,427
270,427
280,427
290,427
301,427
312,426
322,427
332,428
343,427
353,427
364,427
374,427
385,428
395,427
405,427
416,427
427,427
437,428
447,428
457,427
468,427
479,427
489,427
499,428
509,428
521,427
531,427
541,428
551,427
562,428
573,427
583,428
593,427
604,428
614,428
625,426
635,427
646,428
656,428
666,428
677,427
688,427
698,427
708,428
718,428
730,427
740,427
750,428
760,428
771,428
782,427
792,427
802,428
813,428
823,427
834,427
844,428
855,427
865,428
875,428
886,427
897,427
907,428
917,428
927,428
939,428
949,427
959,428
969,428
979,428
991,427
1001,428
1011,424
1021,421
1032,420
1043,419
1053,419
1063,419
1074,418
1085,418
1095,418
1105,419
1116,419
1127,418
1137,419
1147,419
1158,419
1169,418
1179,419
1189,420
1200,420
1210,418
1221,417
1231,418
1242,419
1252,418
1263,418
1273,419
1284,419
1294,419
1305,418
1315,419
1326,419
1336,419
1347,419
1357,418
1368,419
1378,419
1389,418
1399,418
1410,418
1420,419
1430,418
1441,418
1452,418
1462,419
1472,418
1483,418
1494,418
1504,419
1514,419
1525,418
1536,418
1546,419
1556,419
1567,418
1577,419
1588,419
1598,419
1608,418
1619,418
1630,418
1640,418
1650,418
1661,417
1672,418
1682,419
1692,418
1703,418
1714,419
1724,419
1734,419
1745,418
1756,418
1766,419
1776,419
1787,418
1798,419
1808,419
1818,419
1828,419
1840,417
1850,418
1860,419
1870,418
1882,418
1892,418
1902,419
1912,419
1924,418
1934,419
1944,419
1954,419
1966,419
1976,419
1986,419
1996,419
2008,418
2018,418
2028,419
2038,419
2049,418
2060,418
2070,419
2080,419
2091,418
2102,418
2112,419
2122,419
2132,419
2144,419
2154,418
2164,419
2174,419
2186,418
2196,420
2206,419
2216,419
2227,418
2238,418
2248,419
2258,419
2269,418
2280,418
2290,418
2300,419
2311,419
2322,418
2332,418
2342,419
2353,418
2364,418
2374,419
2384,420
2395,420
2406,419
2416,419
2426,420
2437,419
2447,419
2458,418
2468,419
2479,419
2489,418
2500,418
2510,419
2521,419
2531,419
2542,419
2552,419
2563,419
2573,419
2584,419
2594,419
2605,419
2615,419
2626,418
2636,418
2647,418
2657,419
2667,418
2678,419
2689,419
2699,419
2709,419
2720,418
2731,419
2741,419
2751,419
2762,419
2772,419
2783,419
2793,419
2804,418
2814,419
2825,418
2835,419
2845,418
2856,418
2867,419
2877,419
2887,418
2898,418
2909,418
2919,419
2929,418
2940,418
2951,419
2961,419
2971,419
2982,418
2993,419
3003,419
3013,419
3024,418
3035,419
3045,419
3055,419
3065,419
3077,418
3087,418
3097,418
3107,418
3119,417
3129,419
3139,419
3149,419
3161,419
3171,418
3181,419
3191,419
3203,419
3213,418
3223,419
3233,419
3245,418
3255,419
3265,419
3275,419
3286,418
3297,418
3307,418
3317,419
3328,418
3339,418
3349,419
3359,419
3369,419
3381,418
3391,419
3401,419
3411,419
3423,418
3433,419
3443,420
3453,419
3465,419
3475,418
3485,418
3495,419
3506,418
3517,418
3527,419
3537,419
3548,418
3559,418
3569,419
3579,419
3590,419
3601,419
3611,421
3621,419
3632,420
3643,419
3653,419
3663,419
3674,419
3684,418
3695,418
3705,418
3716,419
3726,419
3737,418
3747,418
3758,419
3768,418
3779,418
3789,418
3800,419
3810,420
3821,418
3831,419
3842,419
3852,419
3863,419
3873,419
3884,419
3894,419
3904,418
3915,418
3926,419
3936,419
3946,418
3957,418
3968,418
3978,419
3988,419
3999,419
4009,419
4020,419
4030,419
4041,418
4051,419
4062,419
4072,419
4083,418
4093,418
4104,418
4114,419
4124,418
4135,418
4146,418
4156,419
4166,418
4177,418
4188,418
4198,419
4208,420
4219,418
4230,419
4240,419
4250,419
4261,419
4272,419
4282,420
4292,420
4302,418
4314,418
4324,419
4334,419
4344,418
4356,418
4366,417
4376,418
4386,418
4398,418
4408,419
4418,419
4428,419
4440,418
4450,419
4460,419
4470,419
4482,418
4492,419
4502,419
4512,419
4523,418
4534,418
4544,419
4554,419
4564,418
4576,418
4586,418
4596,419
4606,419
4618,419
4628,419
4638,419
4648,419
4660,419
4670,419
4680,419
4690,419
4702,418
4712,418
4722,419
4732,419
4743,418
4754,418
4764,419
4774,419
4785,418
4796,418
4806,418
4816,418
4827,419
4838,418
4848,419
4858,419
4869,419
4880,419
4890,419
4900,419
4911,420
4922,419
4932,418
4942,419
4953,419
4963,419
4974,418
4984,418
4995,419
5005,418
5016,418
5026,418
5037,418
5047,419
5058,418
5068,419
5079,420
5089,418
5100,418
5110,419
5121,418
5131,419
5142,418
5152,418
5163,419
5173,419
5183,418
5194,418
5204,419
5215,420
5225,418
5236,418
5246,419
5257,419
5267,419
5278,419
5288,419
5299,419
5309,420
5320,418
5330,419
5341,420
5351,419
5361,419
5372,418
5383,418
5393,419
5403,418
5414,418
5425,419
5435,419
5445,419
5456,419
5467,419
5477,419
5487,419
5498,418
5509,419
5519,419
5529,420
5540,419
5551,419
5561,419
5571,419
5581,418
5593,418
5603,419
5613,419
5623,418
5635,418
5645,418
5655,419
5665,418
5677,419
5687,419
5697,419
5707,420
5719,418
5729,419
5739,419
5749,419
5761,419
5771,419
5781,420
5791,419
5801,418
5813,419
5823,419
5833,419
5843,418
5855,418
5865,418
5875,420
5885,419
5897,419
5907,419
5917,419
5927,419
5939,419
5949,419
5959,419
5969,419
5981,418
5991,418
6001,419
6011,420
6022,418
6033,418
6043,419
6053,419
6064,419
6075,419
6085,419
6095,419
6106,420
6117,419
6127,419
6137,419
6148,419
6159,419
6169,419
6179,419
6190,419
6200,418
6211,418
6221,418
6232,419
6242,418
6253,418
6263,418
6274,419
6284,418
6295,419
6305,419
6316,419
6326,419
6337,418
6347,419
6358,418
6368,418
6379,417
6389,418
6400,418
6410,419
6421,417
6431,418
6441,419
6452,419
6462,419
6473,419
6483,419
6494,419
6504,419
6515,417
6525,419
6536,419
6546,419
6557,418
6567,418
6578,419
6588,419
6599,418
6609,419
6620,421
6630,419
6640,419
6651,418
6662,419
6672,420
6682,418
6693,418
6704,419
6714,419
6724,419
6735,418
6746,419
6756,419
6766,419
6777,418
6788,419
6798,419
6808,420
6819,417
6830,419
6840,420
6850,419
6860,419
6872,419
6882,419
6892,419
6902,419
6914,418
6924,419
6934,419
6944,419
6956,419
6966,418
6976,419
6986,420
6998,419
7008,420
7018,420
7028,420
7040,418
7050,418
7060,419
7070,420
7080,418
7092,418
7102,418
7112,419
7122,418
7134,418
7144,418
7154,419
7164,419
7176,418
7186,418
7196,418
7206,419
7218,418
7228,419
7238,419
7248,419
7260,418
7270,419
7280,419
7290,420
7301,419
7312,418
7322,419
7332,419
7343,419
7354,418
7364,419
7374,419
7385,419
7396,418
7406,420
7416,419
7427,419
7438,419
7448,418
7458,419
7469,419
7480,418
7490,418
7500,419
7511,419
7521,418
7532,418
7542,419
7553,419
7563,418
7574,418
7584,418
7595,418
7605,418
7616,418
7626,418
7636,419
7647,419
7658,419
7668,419
7678,420
7689,420
7700,418
7710,419
7720,419
7731,420
7741,419
7752,418
7762,418
7773,419
7783,418
7794,418
7804,419
7815,419
7825,419
7836,419
7846,419
7857,419
7867,419
7878,419
7888,419
7899,420
7909,419
7920,419
7930,418
7941,419
7951,418
7961,418
7972,419
7983,419
7993,418
8003,418
8014,417
8025,419
8035,419
8045,419
8056,418
8067,419
8077,419
8087,420
8098,419
8109,419
8119,419
8129,419
8140,419
8151,418
8161,419
8171,420
8181,418
8193,418
8203,419
8213,419
8223,418
8235,418
8245,418
8255,418
8265,419
8276,418
8287,419
8297,419
8307,420
8318,418
8329,419
8339,420
8349,419
8359,418
8371,419
8381,419
8391,419
8401,418
8413,418
8423,419
8433,419
8443,418
8455,418
8465,418
8475,419
8485,420
8497,418
8507,419
8517,419
