101619,491,20
101670,491,30
101722,491,40
101772,491,50
101823,491,60
101873,491,70
354,433,80
404,433,90
455,433,100
505,433,110
557,433,120
607,433,130
658,433,140
708,433,150
759,433,160
809,433,170
861,433,180
911,433,190
962,433,200
1012,433,210
1063,433,220
1114,433,230
1165,433,240
1215,433,250
1266,433,260
1316,433,270
1368,433,280
1419,433,290
1469,433,300
1520,433,310
1570,433,320
1622,433,330
1672,433,340
1723,433,350
1773,433,360
1824,433,370
1874,433,380
1926,433,390
1976,433,400
2027,433,410
2077,433,420
2128,433,430
2179,433,440
2230,433,450
2280,433,460
2331,433,470
2381,433,480
2433,433,490
2483,433,500
2534,433,510
2584,433,520
2635,433,530
2685,433,540
2737,433,550
2787,433,560
2838,433,570
2888,433,580
2939,433,590
2990,433,600
3041,433,610
3091,433,620
3142,433,630
3192,433,640
3244,433,650
3294,433,660
3345,433,670
3395,433,680
3446,433,690
3496,433,700
3548,433,710
3598,433,720
3649,433,730
3699,433,740
3750,433,750
3801,433,760
3852,433,770
3902,433,780
3953,433,790
4003,433,800
4055,433,810
4105,433,820
4156,433,830
4206,433,840
4257,433,850
4307,433,860
4358,433,870
4409,433,880
4459,433,890
4510,433,900
4560,433,910
4612,433,920
4662,433,930
4713,433,940
4763,433,950
4814,433,960
4865,433,970
4916,433,980
4966,433,990
5017,433,1000
5067,433,1010
5118,433,1020
5169,433,1030
5220,433,1040
5270,433,1050
5321,433,1060
5371,433,1070
5423,433,1080
5473,433,1090
5524,433,1100
5574,433,1110
5625,433,1120
5676,433,1130
5727,433,1140
5777,433,1150
5828,433,1160
5878,433,1170
5929,433,1180
5980,433,1190
6031,433,1200
6081,433,1210
6132,433,1220
6182,433,1230
6234,433,1240
6284,433,1250
6335,433,1260
6385,433,1270
6436,433,1280
6487,433,1290
6538,433,1300
6588,433,1310
6639,433,1320
6689,433,1330
6740,433,1340
6791,433,1350
6842,433,1360
6892,433,1370
6943,433,1380
6993,433,1390
7045,433,1400
7095,433,1410
7146,433,1420
7196,433,1430
7247,433,1440
7298,433,1450
7349,433,1460
7399,433,1470
7450,433,1480
7500,433,1490
7552,433,1500
7602,433,1510
7653,433,1520
7703,433,1530
7754,433,1540
7804,433,1550
7856,433,1560
7906,433,1570
7957,433,1580
8007,433,1590
8058,433,1600
8109,433,1610
8160,433,1620
8210,433,1630
8261,433,1640
8311,433,1650
8363,433,1660
8413,433,1670
8464,433,1680
8514,433,1690
8565,433,1700
8615,433,1710
8667,433,1720
8717,433,1730
8768,433,1740
8818,433,1750
8869,433,1760
8920,433,1770
8971,433,1780
9021,433,1790
9072,433,1800
9122,433,1810
9174,433,1820
9224,433,1830
9275,433,1840
9325,433,1850
9376,433,1860
9426,433,1870
9478,433,1880
9528,433,1890
9579,433,1900
9629,433,1910
9680,433,1920
9731,433,1930
9782,433,1940
9832,433,1950
9883,433,1960
9933,433,1970
9985,433,1980
10035,433,1990
10086,433,2000
10136,433,2010
10187,433,2020
10237,433,2030
10289,433,2040
10339,433,2050
10390,433,2060
10440,433,2070
10491,433,2080
10543,433,2090
10593,433,2100
10644,433,2110
10694,433,2120
10745,433,2130
10796,433,2140
10847,433,2150
10897,433,2160
10948,433,2170
10999,433,2180
11049,433,2190
11101,433,2200
11151,433,2210
11202,433,2220
11252,433,2230
11303,433,2240
11354,433,2250
11405,433,2260
11455,433,2270
11506,433,2280
11557,433,2290
11608,433,2300
11659,433,2310
11709,433,2320
11760,433,2330
11810,433,2340
11862,433,2350
11912,433,2360
11963,433,2370
12014,433,2380
12064,433,2390
12115,433,2400
12166,433,2410
12217,433,2420
12267,433,2430
12318,433,2440
12368,433,2450
12420,433,2460
12470,433,2470
12521,433,2480
12572,433,2490
12622,433,2500
12674,433,2510
12724,433,2520
12775,433,2530
12825,433,2540
12876,433,2550
12926,433,2560
12978,433,2570
13029,433,2580
13079,433,2590
13130,433,2600
13180,433,2610
13232,433,2620
13282,433,2630
13333,433,2640
13383,433,2650
13434,433,2660
13486,433,2670
13536,433,2680
13587,433,2690
13637,433,2700
13688,433,2710
13739,433,2720
13790,433,2730
13840,433,2740
13891,433,2750
13942,433,2760
13992,433,2770
14044,433,2780
14094,433,2790
14145,433,2800
14195,433,2810
14246,433,2820
14297,433,2830
14348,433,2840
14399,433,2850
14449,433,2860
14500,433,2870
14551,433,2880
14602,433,2890
14652,433,2900
14703,433,2910
14753,433,2920
14804,433,2930
14856,433,2940
14906,433,2950
14957,433,2960
15007,433,2970
15058,433,2980
15109,433,2990
15160,433,3000
15210,433,3010
15261,433,3020
15312,433,3030
15363,433,3040
15414,433,3050
15464,433,3060
15515,433,3070
15565,433,3080
15617,433,3090
15667,433,3100
15718,433,3110
15769,433,3120
15819,433,3130
15870,433,3140
15921,433,3150
15972,433,3160
16022,433,3170
16073,433,3180
16123,433,3190
16175,433,3200
16226,433,3210
16276,433,3220
16327,433,3230
16377,433,3240
16429,433,3250
16479,433,3260
16530,433,3270
16580,433,3280
16631,433,3290
16683,433,3300
16733,433,3310
16784,433,3320
16834,433,3330
16885,433,3340
16935,433,3350
16987,433,3360
17038,433,3370
17088,433,3380
17139,433,3390
17189,433,3400
17241,433,3410
17291,433,3420
17342,433,3430
17392,433,3440
17443,433,3450
17495,433,3460
17545,433,3470
17596,433,3480
17646,433,3490
17697,433,3500
17747,433,3510
17799,433,3520
17849,433,3530
17900,433,3540
17951,433,3550
18001,433,3560
18053,433,3570
18103,433,3580
18154,433,3590
18204,433,3600
18255,433,3610
18307,433,3620
18357,433,3630
18408,433,3640
18458,433,3650
18509,433,3660
18560,433,3670
18611,433,3680
18661,433,3690
18712,433,3700
18763,433,3710
18813,433,3720
18865,433,3730
18915,433,3740
18966,433,3750
19016,433,3760
19067,433,3770
19119,433,3780
19169,433,3790
19220,433,3800
19270,433,3810
19321,433,3820
19372,433,3830
19423,433,3840
19473,433,3850
19524,433,3860
19575,433,3870
19625,433,3880
19677,433,3890
19727,433,3900
19778,433,3910
19828,433,3920
19879,433,3930
19930,433,3940
19981,433,3950
20031,433,3960
20082,433,3970
20132,433,3980
20184,433,3990
20235,433,4000
20285,433,4010
20336,433,4020
20386,433,4030
20438,433,4040
20488,433,4050
20539,433,4060
20589,433,4070
20640,433,4080
20690,433,4090
20742,433,4100
20792,433,4110
20843,433,4120
20893,433,4130
20944,433,4140
20995,433,4150
21046,433,4160
21096,433,4170
21147,433,4180
21198,433,4190
21249,433,4200
21300,433,4210
21350,433,4220
21401,433,4230
21451,433,4240
21502,433,4250
21553,433,4260
21604,433,4270

